Adnan Sarkar
011212003
10 18 30 40
10 18 30 40
10 18 30 40
3.5
Sarkar Adnan
011212003
10 18 30 40
10 18 30 40
10 18 30 40
3.6
Kawser
011212374
10 18 30 40
10 18 30 40
10 18 30 40
3.9
Nafiul Islam
0112124657
10 18 30 40
10 18 30 40
10 18 30 40
4.0
Limon
0112124657
10 18 30 40
10 18 30 40
10 18 30 40
3.0
Rafi Abrar
0112124657
10 18 30 40
10 18 30 40
10 18 30 40
0.0
Sadia Mam
0112124657
10 18 30 40
10 18 30 40
10 18 30 40
4.0
Aditya 
0112124657
10 18 30 40
10 18 30 40
10 18 30 40
1.0
Mufti
0112124657
10 18 30 40
10 18 30 40
10 18 30 40
5.0
Abu Henaf
0112124657
10 18 30 40
10 18 30 40
10 18 30 40
4.5